20 2380.819580078125 0.358170747756958
50 1958.2978515625 0.318754106760025
100 1660.2117919921875 0.2877403199672699
200 1154.5093994140625 0.23651589453220367
500 550.194580078125 0.16147540509700775
750 311.5364990234375 0.12286045402288437
1000 276.2366638183594 0.11309441924095154
1500 186.6572723388672 0.09637221693992615
2000 101.9640884399414 0.07193248718976974
2500 61.03577423095703 0.05464988574385643
5000 16.79710578918457 0.028496617451310158
7500 4.428433895111084 0.014585219323635101
10000 4.651178359985352 0.014788447879254818
