20 847.6784057617188 0.2111327052116394
50 453.3551025390625 0.156087264418602
100 509.78009033203125 0.16750507056713104
200 336.6695861816406 0.13656318187713623
500 233.1781005859375 0.11409056931734085
750 177.35494995117188 0.0987517237663269
1000 160.347900390625 0.09436410665512085
1500 113.08255767822266 0.07841799408197403
2000 103.7217025756836 0.07522720843553543
2500 61.44741439819336 0.05714201554656029
5000 22.856157302856445 0.03819269314408302
7500 16.443866729736328 0.03190254047513008
10000 19.440650939941406 0.034722428768873215
