20 700.8814086914062 0.19131958484649658
50 791.9202270507812 0.20942406356334686
100 593.0123291015625 0.18453820049762726
200 585.98583984375 0.18402178585529327
500 405.9599304199219 0.15253470838069916
750 287.81341552734375 0.12661534547805786
1000 264.2535095214844 0.1216675341129303
1500 227.5228729248047 0.11269048601388931
2000 169.1548309326172 0.09582861512899399
2500 123.12052917480469 0.08205585926771164
5000 20.621484756469727 0.036281805485486984
7500 16.35151481628418 0.030408544465899467
10000 14.33460521697998 0.028670022264122963
